24710
16368
18196
43949
23568
23842
22552
21730
43873
42550
20031
25522
24799
23644
25251
35560
25617
24868
18819
17744
25608
43041
22317
43447
22614
16843
11583
24779
25030
22486
25126
24410
19503
43312
43672
66092
23723
25647
19054
43721
33036
22067
23687
23271
20493
25664
42632
8279
21525
25456
21186
22057
11797
44045
22664
24664
22819
25093
18813
43969
25568
20374
18090
24660
22601
23707
25119
25146
22496
23004
23265
23779
42464
23519
23106
21413
23063
23212
24215
23730
23806
43919
43117
24162
25601
24502
23007
33508
23126
40804
23433
22182
22948
24076
23327
25195
22476
22611
24136
24264
23585
23446
22047
21539
43866
25551
24175
42913
24469
24103
22473
24548
43807
21641
14652
24126
42853
24898
20727
25380
25423
24456
23654
25558
17156
23753
25584
25000
22238
24189
24139
25294
66118
24027
24515
7989
44038
23367
44078
13774
24099
23532
20667
23070
22796
22786
24004
24373
11926
25287
23525
7636
23727
20974
17051
23040
20829
22436
23987
22624
25650
8877
16698
18067
22750
25410
24740
22271
25307
25264
18298
24581
24773
24241
42903
22321
22713
22816
24654
24872
25594
33957
22700
20106
43639
42906
42035
16780
25188
43787
21615
23816
18753
24086
24436
23529
42810
20585
23317
24030
44055
43998
43058
17651
21694
22779
20991
24763
17872
43414
18123
24657
18199
23340
22987
23994
66049
25017
22466
44048
23819
21463
2805
21453
23086
25634
44008
15981
43985
25103
22859
21908
66105
386
13912
43923
22463
66013
24588
22644
22935
25291
43315
24604
23195
22746
24377
9500
25512
14091
25212
24565
43296
43507
23261
24624
2498
12200
43530
16546
21558
16915
24568
25218
66036
16361
22667
17259
20786
24000
23786
43197
66138
18113
25535
15107
22852
25459
24040
24406
25122
24786
25129
18328
23241
23964
44061
10546
23934
24066
13817
21905
23750
24720
43223
12916
24908
43038
25565
24129
14569
11942
24010
21826
22139
24822
25396
20770
24363
23555
33673
22902
19984
24839
16529
22882
24165
66102
24274
18183
22529
22225
23364
43477
23878
24670
23875
25215
23667
21116
43147
25505
24585
24746
23001
23205
23166
23403
25225
23941
43715
24509
25637
33085
25037
8461
24222
24997
22311
10055
18239
18153
25604
24109
23832
22459
24750
25502
19816
20516
43916
43091
23575
23892
17730
22608
21040
24024
21671
23284
66075
8962
25400
25109
20242
24944
42015
66009
24591
13041
18060
24278
66039
24228
23486
72
25297
8187
17602
25426
23182
25373
44091
66085
9091
44084
24053
43880
43540
22595
44028
10008
25548
23225
25555
43995
22984
21370
42124
24954
25495
17932
23047
23647
16371
21872
25641
43510
25192
19245
21093
25076
43711
21030
22512
13064
13843
25657
24792
43220
25175
22268
21459
43665
43055
22440
24667
22888
24235
43903
43236
66079
23618
18935
23944
24304
14747
23034
43939
19965
19862
44002
24528
25096
20440
33930
42817
24789
20644
20694
23096
25542
24558
25083
42893
23370
25347
22704
43929
18965
42725
22136
66082
16912
43645
43741
23492
19133
18922
25228
22707
25221
20011
66003
22621
20238
21591
43629
14368
25304
24614
23067
24096
24571
24938
21380
8157
24594
23288
22086
23552
25462
43355
44015
18229
43705
15183
23865
24769
25314
15427
20908
25023
23641
23459
22532
25198
22519
24014
25004
66056
24400
21783
24416
24093
24486
22723
43701
23835
41583
19968
23954
18582
22106
21126
24225
22654
25327
13889
24380
22542
25383
43276
23868
23208
23977
25393
23700
24459
16889
24627
25357
25258
23159
22931
23601
24179
23050
42883
22308
43253
43734
15351
23350
16605
22826
23146
22469
22961
24882
19239
24198
20793
43464
23694
42797
23512
7365
23938
22446
14678
25581
43124
66112
22482
24119
25202
23971
24756
43820
25040
25674
66046
24743
24703
23776
22875
23789
23314
33524
24073
24063
15691
24334
43814
40533
24505
44025
44051
22918
25390
23931
24525
21400
22743
25449
818
24783
43830
43596
43589
18051
42886
66108
22720
23895
24159
14968
22836
21417
44035
22710
22083
18179
25591
23255
7827
22647
25050
11985
42896
23245
23357
22760
24205
10368
22126
22390
44071
43365
23334
33643
115
43256
22690
19724
21492
22443
43777
25165
43932
17552
13077
24941
24321
9461
19090
20229
43543
43913
24578
43857
23674
2725
18278
21766
23509
15173
44018
21529
23020
44022
23855
24479
23463
66089
23010
12969
23129
24951
25621
18235
24522
25538
24888
23476
22628
22964
43959
22403
24601
22232
24301
43975
18470
24017
17130
23736
24806
14391
25172
66122
25433
24255
25337
25060
10711
20575
24964
43863
25436
15216
22291
25571
15358
22958
16440
24621
18097
42956
22367
22212
20819
43626
66059
23921
9510
23489
25353
43635
24644
22981
25403
24443
24852
21129
18559
43840
43490
24723
23845
22789
12817
16470
14097
24208
19219
21806
22199
25452
24759
19892
23502
43956
24862
22040
22416
43926
22756
22905
42672
23535
25413
23469
25377
21410
23109
22631
9781
22489
24080
23199
22618
24858
43022
21928
22753
20014
24776
24736
23307
22397
43688
35448
9523
25116
23090
23918
18621
43678
21271
44058
43622
25528
21657
22548
22908
16460
23697
24726
24878
24631
8203
43827
23604
25614
43579
43348
21968
43979
24466
43233
23614
20568
21499
23321
25518
25053
22037
14041
43708
23799
13101
8982
24674
22915
14378
66125
19753
23416
11371
22951
23057
24314
66099
23621
18275
23684
66072
43441
19206
25370
25624
22410
24545
16707
1943
20298
25344
23588
19017
23515
22545
43061
25047
23505
25611
24033
25311
21704
23961
23829
23202
24367
23413
7114
24693
25334
42804
14843
21423
23235
18077
23677
22812
15569
22383
24354
22555
22968
9428
43748
25509
23756
24429
22657
22572
24495
23769
66019
24994
25066
22044
18133
14411
43619
25231
66006
22347
15985
9266
38900
24453
25179
23347
18084
10952
22941
18103
24090
22357
24132
19519
66023
21215
25155
9556
21700
24347
14216
24268
19149
18163
23172
25680
24393
23430
23142
23859
20351
25169
25476
33755
22832
25261
16133
22994
43728
25284
24819
15582
24271
42408
22113
43972
21473
23631
24957
23925
22766
66062
24370
43758
15090
19021
25330
24651
22215
2511
22727
24690
24766
25350
25281
42909
18777
22205
23043
24974
22413
44088
66135
23472
43675
43751
23274
25363
23238
22588
10863
66016
23281
25660
24700
23608
25274
23793
43556
23179
22740
42500
33102
22506
25697
21852
43797
24396
23053
18189
22426
23156
43853
23740
43791
24387
21753
43467
25235
22869
24047
12596
8738
1983
24921
43886
21351
24641
24202
23598
25588